time|altitude
0|0
1.52|0.157
2|0.159
3|0.159
4|0.155
5|0.153
6|0.168
7|0.173
8|0.111
9|0.031
10|-0.032
11|-0.06
12|-0.026
13|0.122
14|0.507
15|0.996
16|1.246
17|1.348
18|1.439
19|1.601
20|1.847
21|2.123
22|2.35
23|2.482
24|2.58
25|2.694
26|2.83
27|2.98
28|3.14
29|3.312
30|3.495
31|3.697
32|3.918
33|4.148
34|4.373
35|4.599
36|4.834
37|5.09
38|5.39
39|5.724
40|6.026
41|6.269
42|6.477
43|6.678
44|6.888
45|7.127
46|7.425
47|7.802
48|8.246
49|8.697
50|9.082
51|9.374
52|9.584
53|9.757
54|9.926
55|10.134
56|10.503
57|11.108
58|11.623
59|12.051
60|12.461
61|12.884
62|13.347
63|13.846
64|14.361
65|14.85
66|15.277
67|15.646
68|15.986
69|16.315
70|16.646
71|16.985
72|17.341
73|17.715
74|18.111
75|18.531
76|18.977
77|19.454
78|19.968
79|20.528
80|21.134
81|21.769
82|22.413
83|23.049
84|23.66
85|24.224
86|24.729
87|25.216
88|25.733
89|26.283
90|26.85
91|27.423
92|27.991
93|28.54
94|29.054
95|29.559
96|30.174
97|31.031
98|32.021
99|32.919
100|33.636
101|34.229
102|34.752
103|35.238
104|35.716
105|36.217
106|36.775
107|37.437
108|38.233
109|39.145
110|40.121
111|41.052
112|41.8
113|42.387
114|43.011
115|43.836
116|44.879
117|45.916
118|46.692
119|47.274
120|47.931
121|48.789
122|49.786
123|50.868
124|51.986
125|53.013
126|53.855
127|54.565
128|55.235
129|55.925
130|56.71
131|57.612
132|58.47
133|59.172
134|59.815
135|60.494
136|61.3
137|62.204
138|63.043
139|63.729
140|64.418
141|65.295
142|66.362
143|67.362
144|68.133
145|68.768
146|69.415
147|70.228
148|71.216
149|72.149
150|72.875
151|73.473
152|74.021
153|74.582
154|75.183
155|75.833
156|76.527
157|77.242
158|77.949
159|78.621
160|79.238
161|79.831
162|80.462
163|81.175
164|81.932
165|82.679
166|83.374
167|84.038
168|84.709
169|85.437
170|86.187
171|86.856
172|87.398
173|87.873
174|88.333
175|88.817
176|89.349
177|89.957
178|90.686
179|91.45
180|92.087
181|92.583
182|93.034
183|93.51
184|94.082
185|94.769
186|95.486
187|96.112
188|96.617
189|97.075
190|97.562
191|98.116
192|98.69
193|99.228
194|99.713
195|100.18
196|100.664
197|101.202
198|101.808
199|102.451
200|103.086
201|103.675
202|104.209
203|104.693
204|105.147
205|105.605
206|106.092
207|106.635
208|107.241
209|107.857
210|108.425
211|108.9
212|109.282
213|109.611
214|109.922
215|110.253
216|110.654
217|111.138
218|111.661
219|112.163
220|112.623
221|113.057
222|113.475
223|113.884
224|114.29
225|114.701
226|115.131
227|115.587
228|116.071
229|116.576
230|117.096
231|117.626
232|118.164
233|118.71
234|119.265
235|119.83
236|120.387
237|120.891
238|121.325
239|121.696
240|122.025
241|122.335
242|122.643
243|122.959
244|123.299
245|123.676
246|124.092
247|124.541
248|125.016
249|125.502
250|125.974
251|126.406
252|126.787
253|127.12
254|127.428
255|127.73
256|128.04
257|128.375
258|128.757
259|129.212
260|129.739
261|130.32
262|130.915
263|131.473
264|131.967
265|132.397
266|132.771
267|133.107
268|133.426
269|133.741
270|134.063
271|134.403
272|134.778
273|135.196
274|135.645
275|136.1
276|136.533
277|136.925
278|137.28
279|137.62
280|137.961
281|138.32
282|138.719
283|139.182
284|139.721
285|140.346
286|141.062
287|141.836
288|142.528
289|143.074
290|143.5
291|143.855
292|144.178
293|144.485
294|144.791
295|145.114
296|145.485
297|145.948
298|146.543
299|147.245
300|147.97
301|148.67
302|149.32
303|149.901
304|150.408
305|150.87
306|151.316
307|151.78
308|152.301
309|152.888
310|153.51
311|154.117
312|154.66
313|155.145
314|155.589
315|156.013
316|156.429
317|156.849
318|157.283
319|157.745
320|158.256
321|158.835
322|159.478
323|160.165
324|160.864
325|161.55
326|162.201
327|162.787
328|163.296
329|163.755
330|164.21
331|164.702
332|165.232
333|165.79
334|166.365
335|166.942
336|167.492
337|167.993
338|168.437
339|168.849
340|169.26
341|169.706
342|170.236
343|170.865
344|171.516
345|172.1
346|172.614
347|173.082
348|173.517
349|173.929
350|174.325
351|174.711
352|175.09
353|175.47
354|175.859
355|176.275
356|176.732
357|177.235
358|177.763
359|178.294
360|178.812
361|179.305
362|179.766
363|180.204
364|180.626
365|181.041
366|181.459
367|181.886
368|182.322
369|182.757
370|183.182
371|183.594
372|184.008
373|184.439
374|184.909
375|185.437
376|185.966
377|186.421
378|186.774
379|187.056
380|187.31
381|187.561
382|187.833
383|188.151
384|188.522
385|188.929
386|189.343
387|189.732
388|190.075
389|190.375
390|190.638
391|190.873
392|191.085
393|191.281
394|191.469
395|191.657
396|191.852
397|192.06
398|192.294
399|192.564
400|192.881
401|193.254
402|193.691
403|194.188
404|194.687
405|195.13
406|195.495
407|195.786
408|196.023
409|196.23
410|196.418
411|196.598
412|196.776
413|196.964
414|197.178
415|197.433
416|197.739
417|198.089
418|198.458
419|198.821
420|199.169
421|199.496
422|199.798
423|200.073
424|200.318
425|200.541
426|200.75
427|200.953
428|201.156
429|201.368
430|201.6
431|201.853
432|202.119
433|202.382
434|202.631
435|202.858
436|203.065
437|203.258
438|203.444
439|203.626
440|203.805
441|203.986
442|204.171
443|204.362
444|204.556
445|204.752
446|204.946
447|205.136
448|205.319
449|205.493
450|205.656
451|205.812
452|205.962
453|206.109
454|206.256
455|206.404
456|206.556
457|206.715
458|206.884
459|207.059
460|207.238
461|207.417
462|207.591
463|207.758
464|207.915
465|208.065
466|208.209
467|208.35
468|208.49
469|208.629
470|208.77
471|208.913
472|209.061
473|209.212
474|209.365
475|209.517
476|209.666
477|209.81
478|209.947
479|210.075
480|210.192
481|210.301
482|210.404
483|210.506
484|210.608
485|210.716
486|210.831
487|210.958
488|211.102
489|211.264
490|211.439
491|211.616
492|211.784
493|211.934
494|212.061
495|212.16
496|212.231
497|212.273
498|212.292
499|212.295
500|212.287
501|212.272
502|212.253
503|212.233
504|212.218
505|212.21
506|212.216
507|212.246
508|212.317
509|212.441
510|212.62
511|212.832
512|213.03
513|213.175
514|213.256
515|213.291
516|213.298
517|213.289
518|213.27
519|213.247
520|213.226
521|213.217
522|213.235
523|213.302
524|213.428
525|213.568
526|213.614
527|213.576
528|213.513
529|213.452
530|213.416
531|213.415
532|213.444
533|213.492
534|213.552
535|213.614
536|213.662
537|213.683
538|213.671
539|213.631
540|213.572
541|213.503
542|213.432
543|213.364
544|213.303
545|213.255
546|213.227
547|213.231
548|213.268
549|213.326
550|213.381
551|213.415
552|213.417
553|213.396
554|213.363
555|213.326
556|213.29
557|213.26
558|213.238
559|213.228
560|213.233
561|213.248
562|213.269
563|213.29
564|213.306
565|213.307
566|213.279
567|213.188
568|212.979
569|212.682
570|212.435
571|212.282
572|212.198
573|212.152
574|212.129
575|212.124
576|212.131
577|212.15
578|212.179
579|212.217
580|212.266
581|212.326
582|212.394
583|212.463
584|212.515
585|212.523
586|212.45
587|212.286
588|212.074
589|211.858
590|211.67
591|211.529
592|211.439
593|211.39
594|211.365
595|211.355
596|211.351
597|211.341
598|211.308
599|211.221
600|211.058
601|210.842
602|210.626
603|210.434
604|210.264
605|210.111
606|209.972
607|209.849
608|209.741
609|209.65
610|209.581
611|209.539
612|209.521
613|209.524
614|209.54
615|209.561
616|209.577
617|209.582
618|209.571
619|209.543
620|209.499
621|209.437
622|209.354
623|209.241
624|209.079
625|208.798
626|208.242
627|207.854
628|207.735
629|207.69
630|207.674
631|207.67
632|207.668
633|207.662
634|207.647
635|207.622
636|207.586
637|207.541
638|207.486
639|207.421
640|207.348
641|207.265
642|207.172
643|207.07
644|206.958
645|206.833
646|206.693
647|206.531
648|206.333
649|206.11
650|205.911
651|205.758
652|205.641
653|205.539
654|205.443
655|205.347
656|205.247
657|205.137
658|205.012
659|204.862
660|204.685
661|204.492
662|204.302
663|204.14
664|204.019
665|203.941
666|203.891
667|203.854
668|203.821
669|203.782
670|203.729
671|203.651
672|203.535
673|203.378
674|203.189
675|202.979
676|202.766
677|202.566
678|202.393
679|202.247
680|202.122
681|202.011
682|201.911
683|201.817
684|201.723
685|201.626
686|201.52
687|201.401
688|201.266
689|201.112
690|200.942
691|200.756
692|200.56
693|200.358
694|200.152
695|199.945
696|199.739
697|199.538
698|199.346
699|199.17
700|199.011
701|198.87
702|198.743
703|198.626
704|198.516
705|198.41
706|198.306
707|198.203
708|198.1
709|197.996
710|197.889
711|197.778
712|197.658
713|197.522
714|197.365
715|197.191
716|197.022
717|196.877
718|196.751
719|196.637
720|196.529
721|196.425
722|196.324
723|196.225
724|196.127
725|196.028
726|195.925
727|195.812
728|195.684
729|195.54
730|195.384
731|195.22
732|195.052
733|194.883
734|194.714
735|194.547
736|194.382
737|194.219
738|194.056
739|193.892
740|193.724
741|193.551
742|193.375
743|193.203
744|193.042
745|192.893
746|192.761
747|192.645
748|192.543
749|192.451
750|192.365
751|192.281
752|192.198
753|192.113
754|192.024
755|191.928
756|191.823
757|191.708
758|191.584
759|191.455
760|191.321
761|191.186
762|191.052
763|190.925
764|190.805
765|190.692
766|190.58
767|190.464
768|190.337
769|190.194
770|190.028
771|189.847
772|189.666
773|189.5
774|189.357
775|189.243
776|189.16
777|189.1
778|189.055
779|189.019
780|188.984
781|188.947
782|188.898
783|188.823
784|188.697
785|188.496
786|188.234
787|187.974
788|187.763
789|187.594
790|187.455
791|187.339
792|187.245
793|187.17
794|187.114
795|187.077
796|187.058
797|187.05
798|187.048
799|187.044
800|187.035
801|187.013
802|186.973
803|186.91
804|186.82
805|186.705
806|186.571
807|186.421
808|186.26
809|186.095
810|185.93
811|185.775
812|185.64
813|185.529
814|185.437
815|185.355
816|185.27
817|185.17
818|185.049
819|184.919
820|184.789
821|184.667
822|184.561
823|184.472
824|184.407
825|184.365
826|184.343
827|184.337
828|184.342
829|184.354
830|184.369
831|184.385
832|184.396
833|184.398
834|184.385
835|184.357
836|184.313
837|184.256
838|184.19
839|184.116
840|184.038
841|183.959
842|183.879
843|183.799
844|183.719
845|183.641
846|183.564
847|183.489
848|183.416
849|183.347
850|183.282
851|183.222
852|183.168
853|183.12
854|183.077
855|183.036
856|182.997
857|182.957
858|182.914
859|182.867
860|182.814
861|182.758
862|182.702
863|182.649
864|182.6
865|182.557
866|182.522
867|182.497
868|182.483
869|182.481
870|182.492
871|182.515
872|182.549
873|182.593
874|182.647
875|182.71
876|182.781
877|182.86
878|182.947
879|183.041
880|183.143
881|183.252
882|183.367
883|183.484
884|183.6
885|183.709
886|183.804
887|183.877
888|183.928
889|183.961
890|183.983
891|183.999
892|184.015
893|184.034
894|184.057
895|184.083
896|184.11
897|184.137
898|184.163
899|184.187
900|184.208
901|184.225
902|184.237
903|184.248
904|184.262
905|184.284
906|184.322
907|184.383
908|184.48
909|184.611
910|184.766
911|184.929
912|185.086
913|185.219
914|185.326
915|185.415
916|185.498
917|185.58
918|185.668
919|185.765
920|185.875
921|185.994
922|186.122
923|186.257
924|186.4
925|186.549
926|186.707
927|186.874
928|187.051
929|187.232
930|187.404
931|187.557
932|187.697
933|187.832
934|187.97
935|188.116
936|188.275
937|188.456
938|188.655
939|188.862
940|189.065
941|189.254
942|189.426
943|189.58
944|189.718
945|189.84
946|189.944
947|190.029
948|190.098
949|190.166
950|190.249
951|190.371
952|190.567
953|190.883
954|191.301
955|191.738
956|192.099
957|192.339
958|192.512
959|192.67
960|192.851
961|193.088
962|193.404
963|193.778
964|194.174
965|194.558
966|194.903
967|195.186
968|195.415
969|195.608
970|195.781
971|195.951
972|196.134
973|196.354
974|196.618
975|196.927
976|197.276
977|197.653
978|198.043
979|198.434
980|198.814
981|199.177
982|199.526
983|199.87
984|200.216
985|200.573
986|200.954
987|201.374
988|201.824
989|202.257
990|202.633
991|202.973
991.41|203.108
