time(s)|altitude(km)
0|0
1|0.26
2|0.26
3|0.27
4|0.27
5|0.26
6|0.24
7|0.27
8|0.36
9|0.49
10|0.61
11|0.71
12|0.79
13|0.84
14|0.91
15|1.1
16|1.44
17|1.8
18|2
19|2.08
20|2.15
21|2.24
22|2.34
23|2.45
24|2.55
25|2.63
26|2.7
27|2.79
28|2.93
29|3.12
30|3.32
31|3.48
32|3.58
33|3.66
34|3.75
35|3.9
36|4.17
37|4.58
38|5.08
39|5.57
40|6
41|6.36
42|6.68
43|6.97
44|7.25
45|7.51
46|7.78
47|8.08
48|8.44
49|8.84
50|9.21
51|9.51
52|9.78
53|10.07
54|10.4
55|10.8
56|11.26
57|11.77
58|12.23
59|12.6
60|12.89
61|13.13
62|13.41
63|13.76
64|14.22
65|14.71
66|15.18
67|15.57
68|15.92
69|16.33
70|16.86
71|17.46
72|17.99
73|18.43
74|18.86
75|19.32
76|19.77
77|20.22
78|20.68
79|21.18
80|21.75
81|22.41
82|23.11
83|23.77
84|24.34
85|24.9
86|25.53
87|26.22
88|26.94
89|27.64
90|28.28
91|28.87
92|29.43
93|29.97
94|30.51
95|31.12
96|31.82
97|32.51
98|33.09
99|33.63
100|34.22
101|34.94
102|35.78
103|36.67
104|37.51
105|38.25
106|38.92
107|39.56
108|40.22
109|40.96
110|41.79
111|42.57
112|43.21
113|43.75
114|44.29
115|45.01
116|46.11
117|47.26
118|48.08
119|48.71
120|49.33
121|50.02
122|50.72
123|51.41
124|52.09
125|52.77
126|53.45
127|54.13
128|54.81
129|55.5
130|56.19
131|56.85
132|57.43
133|57.96
134|58.61
135|59.55
136|60.69
137|61.6
138|62.17
139|62.72
140|63.4
141|64.3
142|65.3
143|66.29
144|67.24
145|68
146|68.58
147|69.13
148|69.79
149|70.6
150|71.53
151|72.5
152|73.31
153|73.9
154|74.43
155|75.11
156|75.94
157|76.81
158|77.65
159|78.35
160|78.9
161|79.46
162|80.2
163|81.03
164|81.79
165|82.45
166|83.15
167|83.95
168|84.75
169|85.48
170|86.14
171|86.81
172|87.53
173|88.26
174|88.95
175|89.55
176|90.05
177|90.49
178|90.99
179|91.61
180|92.31
181|93.01
182|93.69
183|94.34
184|94.97
185|95.56
186|96.09
187|96.56
188|97.03
189|97.52
190|98.11
191|98.83
192|99.5
193|100.05
194|100.62
195|101.32
196|102.02
197|102.55
198|103
199|103.47
200|104.07
201|104.69
202|105.16
203|105.43
204|105.62
205|105.87
206|106.28
207|106.87
208|107.54
209|108.17
210|108.7
211|109.14
212|109.52
213|109.86
214|110.18
215|110.53
216|111.05
217|111.93
218|112.74
219|113.34
220|113.86
221|114.37
222|114.85
223|115.23
224|115.52
225|115.79
226|116.06
227|116.35
228|116.64
229|116.91
230|117.18
231|117.48
232|117.84
233|118.23
234|118.61
235|118.95
236|119.23
237|119.42
238|119.56
239|119.75
240|120.15
241|120.76
242|121.33
243|121.73
244|122.07
245|122.43
246|122.82
247|123.2
248|123.54
249|123.83
250|124.08
251|124.31
252|124.51
253|124.64
254|124.71
255|124.85
256|125.18
257|125.67
258|126.22
259|126.71
260|127.05
261|127.25
262|127.41
263|127.63
264|127.97
265|128.35
266|128.67
267|128.94
268|129.18
269|129.37
270|129.55
271|129.74
272|129.96
273|130.22
274|130.5
275|130.79
276|131.08
277|131.34
278|131.49
279|131.56
280|131.64
281|131.82
282|132.17
283|132.54
284|132.82
285|133.08
286|133.41
287|133.85
288|134.36
289|134.88
290|135.34
291|135.64
292|135.75
293|135.74
294|135.7
295|135.71
296|135.81
297|135.93
298|135.98
299|135.98
300|135.96
301|135.97
302|136.05
303|136.25
304|136.56
305|136.87
306|137.04
307|137.04
308|137
309|137.07
310|137.27
311|137.49
312|137.65
313|137.74
314|137.8
315|137.86
316|137.95
317|138.1
318|138.31
319|138.51
320|138.62
321|138.61
322|138.59
323|138.61
324|138.71
325|138.83
326|138.96
327|139.06
328|139.12
329|139.14
330|139.14
331|139.12
332|139.07
333|139.06
334|139.21
335|139.43
336|139.61
337|139.67
338|139.64
339|139.64
340|139.73
341|139.86
342|139.9
343|139.8
344|139.68
345|139.63
346|139.71
347|139.85
348|139.99
349|140.09
350|140.16
351|140.18
352|140.17
353|140.16
354|140.16
355|140.16
356|140.16
357|140.14
358|140.14
359|140.16
360|140.24
361|140.34
362|140.45
363|140.55
364|140.64
365|140.74
366|140.84
367|140.93
368|140.99
369|141
370|140.95
371|140.84
372|140.73
373|140.69
374|140.76
375|140.88
376|140.98
377|141
378|140.97
379|140.91
380|140.82
381|140.7
382|140.56
383|140.44
384|140.44
385|140.56
386|140.71
387|140.85
388|140.94
389|140.97
390|140.95
391|140.94
392|140.93
393|140.94
394|140.97
395|140.98
396|140.94
397|140.8
398|140.68
399|140.73
400|140.86
401|140.94
402|140.86
403|140.7
404|140.7
405|140.81
406|140.93
407|140.98
408|140.97
409|140.94
410|140.92
411|140.93
412|140.95
413|140.97
414|140.96
415|140.89
416|140.76
417|140.66
418|140.65
419|140.66
420|140.68
421|140.69
422|140.68
423|140.66
424|140.64
425|140.66
426|140.76
427|140.88
428|140.94
429|140.87
430|140.75
431|140.65
432|140.63
433|140.65
434|140.69
435|140.71
436|140.69
437|140.61
438|140.51
439|140.41
440|140.36
441|140.35
442|140.42
443|140.55
444|140.65
445|140.66
446|140.59
447|140.46
448|140.41
449|140.4
450|140.4
451|140.42
452|140.43
453|140.4
454|140.3
455|140.19
456|140.13
457|140.13
458|140.15
459|140.14
460|140.06
461|139.95
462|139.86
463|139.85
464|139.87
465|139.88
466|139.87
467|139.88
468|139.89
469|139.89
470|139.86
471|139.79
472|139.7
473|139.59
474|139.46
475|139.36
476|139.32
477|139.32
478|139.35
479|139.37
480|139.38
481|139.32
482|139.2
483|139.1
484|139.08
485|139.1
486|139.12
487|139.05
488|138.81
489|138.56
490|138.49
491|138.52
492|138.56
493|138.57
494|138.56
495|138.55
496|138.54
497|138.54
498|138.56
499|138.58
500|138.56
501|138.48
502|138.36
503|138.28
504|138.27
505|138.29
506|138.27
507|138.21
508|138.12
509|138.02
510|137.93
511|137.84
512|137.73
513|137.59
514|137.5
515|137.52
516|137.64
517|137.74
518|137.74
519|137.67
520|137.56
521|137.44
522|137.35
523|137.26
524|137.15
525|137.04
526|136.97
527|136.96
528|136.98
529|136.96
530|136.88
531|136.79
532|136.7
533|136.69
534|136.71
535|136.65
536|136.54
537|136.46
538|136.44
539|136.52
540|136.65
541|136.71
542|136.64
543|136.48
544|136.27
545|136.07
546|135.93
547|135.93
548|136.06
549|136.17
550|136.06
551|135.81
552|135.64
553|135.66
554|135.77
555|135.88
556|135.9
557|135.83
558|135.71
559|135.59
560|135.49
561|135.4
562|135.3
563|135.18
564|135.11
565|135.1
566|135.11
567|135.11
568|135.08
569|135.01
570|134.91
571|134.79
572|134.68
573|134.59
574|134.58
575|134.6
576|134.59
577|134.51
578|134.42
579|134.33
580|134.31
581|134.34
582|134.33
583|134.18
584|133.96
585|133.78
586|133.67
587|133.6
588|133.54
589|133.45
590|133.34
591|133.26
592|133.23
593|133.24
594|133.27
595|133.29
596|133.28
597|133.21
598|133.1
599|133
600|133
601|133.04
602|133
603|132.82
604|132.58
605|132.46
606|132.54
607|132.68
608|132.73
609|132.66
610|132.55
611|132.45
612|132.42
613|132.44
614|132.47
615|132.47
616|132.47
617|132.46
618|132.46
619|132.46
620|132.46
621|132.47
622|132.46
623|132.45
624|132.45
625|132.45
626|132.47
627|132.51
628|132.5
629|132.37
630|132.16
631|131.96
632|131.89
633|131.92
634|131.93
635|131.87
636|131.75
637|131.65
638|131.61
639|131.63
640|131.7
641|131.8
642|131.9
643|131.97
644|131.98
645|131.94
646|131.84
647|131.73
648|131.66
649|131.67
650|131.68
651|131.64
652|131.54
653|131.44
654|131.4
655|131.48
656|131.61
657|131.66
658|131.57
659|131.45
660|131.37
661|131.35
662|131.37
663|131.41
664|131.44
665|131.43
666|131.35
667|131.23
668|131.14
669|131.17
670|131.28
671|131.39
672|131.43
673|131.42
674|131.4
675|131.39
676|131.39
677|131.39
678|131.39
679|131.4
680|131.43
681|131.41
682|131.31
683|131.18
684|131.13
685|131.21
686|131.35
687|131.39
688|131.31
689|131.2
690|131.13
691|131.21
692|131.37
693|131.34
694|131.18
695|131.13
696|131.24
697|131.36
698|131.38
699|131.24
700|131.11
701|131.1
702|131.13
703|131.1
704|131.09
705|131.2
706|131.35
707|131.4
708|131.24
709|130.98
710|130.86
711|131.02
712|131.28
713|131.38
714|131.22
715|130.97
716|130.82
717|130.88
718|131.06
719|131.26
720|131.45
721|131.6
722|131.66
723|131.56
724|131.36
725|131.2
726|131.12
727|131.14
728|131.26
729|131.37
730|131.35
731|131.23
732|131.13
733|131.16
734|131.28
735|131.38
736|131.39
737|131.37
738|131.4
739|131.51
740|131.62
741|131.63
742|131.51
743|131.4
744|131.39
745|131.48
746|131.63
747|131.76
748|131.86
749|131.91
750|131.91
751|131.9
752|131.92
753|132
754|132.11
755|132.24
756|132.34
757|132.42
758|132.46
759|132.45
760|132.43
761|132.41
762|132.4
763|132.45
764|132.54
765|132.65
766|132.71
767|132.72
768|132.7
769|132.68
770|132.67
771|132.69
772|132.74
773|132.82
774|132.92
775|133.03
776|133.13
777|133.21
778|133.24
779|133.24
780|133.22
781|133.2
782|133.2
783|133.23
784|133.3
785|133.41
786|133.57
787|133.74
788|133.91
789|134.03
790|134.06
791|134.01
792|133.96
793|133.98
794|134.09
795|134.28
796|134.5
797|134.74
798|134.94
799|135.07
800|135.08
801|135.06
802|135.07
803|135.15
804|135.27
805|135.38
806|135.47
807|135.56
808|135.67
809|135.78
810|135.85
811|135.85
812|135.83
813|135.86
814|135.96
815|136.07
816|136.12
817|136.09
818|136.09
819|136.19
820|136.39
821|136.61
822|136.78
823|136.87
824|136.9
825|136.87
826|136.86
827|136.94
828|137.13
829|137.34
830|137.49
831|137.57
832|137.66
833|137.81
834|138.02
835|138.21
836|138.34
837|138.43
838|138.48
839|138.46
840|138.44
841|138.54
842|138.75
843|138.95
844|139.07
845|139.14
846|139.24
847|139.47
848|139.73
849|139.8
850|139.74
851|139.85
852|140.24
853|140.57
854|140.62
855|140.57
856|140.6
857|140.84
858|141.18
859|141.46
860|141.64
861|141.78
862|141.92
863|142.09
864|142.29
865|142.49
866|142.68
867|142.87
868|143.05
869|143.24
870|143.43
871|143.64
872|143.87
873|144.12
874|144.38
875|144.62
876|144.84
877|145.02
878|145.2
879|145.43
880|145.72
881|146.02
882|146.27
883|146.46
884|146.62
885|146.78
886|146.94
887|147.1
888|147.28
889|147.5
890|147.79
891|148.1
892|148.38
893|148.59
894|148.74
895|148.89
896|149.07
897|149.33
898|149.64
899|149.96
900|150.26
901|150.53
902|150.77
903|151
904|151.25
905|151.52
906|151.83
907|152.1
908|152.32
909|152.52
910|152.78
911|153.17
912|153.74
913|154.37
914|154.9
915|155.3
916|155.58
917|155.75
918|155.91
919|156.17
920|156.54
921|156.98
922|157.4
923|157.77
924|158.09
925|158.39
926|158.69
927|159.03
928|159.48
929|160.07
930|160.68
931|161.17
932|161.48
933|161.7
934|161.89
935|162.1
936|162.39
937|162.74
938|163.14
939|163.55
940|163.96
941|164.34
942|164.7
943|165.11
944|165.58
945|166.07
946|166.51
947|166.9
948|167.29
949|167.73
950|168.28
951|168.88
952|169.43
953|169.89
954|170.28
955|170.62
956|170.92
957|171.22
958|171.57
959|172.06
960|172.67
961|173.22
962|173.68
963|174.14
964|174.67
965|175.26
966|175.83
967|176.32
968|176.78
969|177.26
970|177.82
971|178.41
972|178.97
973|179.5
974|180.12
975|180.91
976|181.73
977|182.42
978|182.99
979|183.49
980|183.95
981|184.41
982|184.93
983|185.58
984|186.31
985|187
986|187.66
987|188.31
988|188.95
989|189.59
990|190.25
991|190.94
992|191.64
993|192.26
994|192.83
995|193.38
996|193.94
997|194.51
998|195.09
999|195.66
1000|196.23
1001|196.79
1002|197.34
1003|197.91
1004|198.53
1005|199.2
1006|199.87
1007|200.5
1008|201.12
1009|201.83
1010|202.76
1011|203.72
1012|204.37
1013|204.8
1014|205.25
1015|205.94
1016|207.07
1017|208.4
1018|209.15
1019|209.77
1020|210.43
1021|211.48
1022|212.85
1023|213.66
1024|214.51
1025|215.41
1026|216.24
1027|216.91
1028|217.45
1029|217.99
1030|218.74
1031|219.68
1032|220.54
1033|221.29
1034|221.98
1035|222.72
1036|224.42
1037|225.53
1038|226.11
1039|226.75
1040|228.79
1041|229.71
1042|230.2
1043|230.71
1044|231.34
1045|232.11
1046|233.05
1047|234.23
1048|235.2
1049|236.08
1050|236.97
1051|237.89
1052|238.8
1053|239.68
1054|240.46
1055|241.22
1056|242.08
1057|243.33
1058|244.92
1059|246.35
1060|247.67
1061|249.08
1062|250.13
1063|250.95
1064|251.9
1065|253.18
1066|254.31
1067|254.92
1068|255.48
1069|256.33
1070|257.17
1071|257.78
1072|258.29
1072.16|258.37
