time|velocity
0|0.0
1|7.0
2|12.0
3|17.0
4|24.0
5|31.0
6|39.0
7|47.0
8|56.0
9|64.0
10|72.0
11|80.0
12|88.0
13|96.0
14|100.0
15|112.0
16|121.0
17|131.0
18|142.0
19|150.0
20|167.0
21|170.0
22|189.0
23|199.0
24|208.0
25|217.0
26|225.0
27|233.0
28|240.0
29|250.0
30|259.0
31|269.0
32|280.0
33|290.0
34|299.0
35|305.0
36|310.0
37|313.0
38|317.0
39|321.0
40|325.0
41|330.0
42|337.0
43|344.0
44|352.0
45|361.0
46|369.0
47|370.0
48|386.0
49|394.0
50|402.0
51|410.0
52|418.0
53|420.0
54|433.0
55|441.0
56|450.0
57|458.0
58|467.0
59|477.0
60|487.0
61|497.0
62|508.0
63|519.0
64|530.0
65|541.0
66|553.0
67|564.0
68|577.0
69|589.0
70|603.0
71|617.0
72|631.0
73|647.0
74|663.0
75|681.0
76|699.0
77|717.0
78|735.0
79|750.0
80|768.0
81|784.0
82|802.0
83|821.0
84|840.0
85|864.0
86|887.0
87|911.0
88|936.0
89|960.0
90|985.0
91|1008.9999999999999
92|1032.0
93|1056.0
94|1079.0
95|1100.0
96|1129.0
97|1155.0
98|1182.0
99|1210.0
100|1238.0
101|1266.0
102|1294.0
103|1322.0
104|1350.0
105|1377.0
106|1402.0
107|1424.0
108|1443.0
109|1400.0
110|1475.0
111|1489.0
112|1504.0
113|1521.0
114|1538.0
115|1556.0
116|1571.0
117|1583.0
118|1590.0
119|1594.0
120|1596.0
121|1597.0
122|1597.0
123|1598.0
124|1600.0
125|1603.0
126|1606.0
127|1609.0
128|1613.0
129|1616.0
130|1620.0
131|1620.0
132|1627.0
133|1631.0
134|1630.0
135|1639.0
136|1643.0
137|1640.0
138|1654.0
139|1660.0
140|1667.0
141|1674.0
142|1680.0
143|1689.0
144|1696.0
145|1704.0
146|1711.0
147|1718.0
148|1725.0
149|1732.0
150|1700.0
151|1747.0
152|1754.0
153|1761.0
154|1768.0
155|1775.0
156|1782.0
157|1788.0
158|1794.0
159|1801.0
160|1807.0
161|1814.0
162|1822.0
163|1830.0
164|1839.0
165|1800.0
166|1860.0
167|1872.0
168|1883.0
169|1893.0
170|1902.0
171|1911.0
172|1918.0
173|1926.0
174|1933.0
175|1941.0
176|1949.0
177|1957.0
178|1965.0
179|1974.0
180|1983.0
181|1990.0
182|2001.9999999999998
183|2013.0
184|2023.0000000000002
185|2033.9999999999998
186|2040.0
187|2050.0
188|2067.0
189|2078.0
190|2087.0
191|2090.0
192|2105.0
193|2114.0
194|2123.0
195|2132.0
196|2143.0
197|2155.0
198|2169.0
199|2183.0
200|2198.0
201|2211.0
202|2224.0
203|2235.0
204|2247.0
205|2258.0
206|2270.0
207|2280.0
208|2296.0
209|2311.0
210|2325.0
211|2340.0
212|2354.0
213|2367.0
214|2380.0
215|2392.0
216|2405.0
217|2418.0
218|2432.0
219|2447.0
220|2461.0
221|2476.0
222|2490.0
223|2503.0
224|2516.0
225|2528.0
226|2541.0
227|2554.0
228|2568.0
229|2580.0
230|2600.0
231|2617.0
232|2635.0
233|2650.0
234|2670.0
235|2687.0
236|2704.0
237|2721.0
238|2737.0
239|2752.0
240|2767.0
241|2782.0
242|2797.0
243|2812.0
244|2827.0
245|2841.0
246|2856.0
247|2871.0
248|2880.0
249|2902.0
250|2919.0
251|2936.0
252|2955.0
253|2970.0
254|2995.0
255|3017.0
256|3037.0
257|3057.0
258|3075.0
259|3090.0
260|3105.0
261|3120.0
262|3135.0
263|3155.0
264|3179.0
265|3205.0
266|3228.0
267|3247.0
268|3264.0
269|3280.0
270|3297.0
271|3315.0
272|3334.0
273|3355.0
274|3376.0
275|3398.0
276|3420.0
277|3443.0
278|3460.0
279|3491.0
280|3517.0
281|3544.0
282|3572.0
283|3598.0
284|3624.0
285|3648.0
286|3672.0
287|3694.0
288|3717.0
289|3740.0
290|3765.0
291|3790.0
292|3816.0
293|3843.0
294|3871.0
295|3900.0
296|3928.0
297|3955.0
298|3981.0
299|4006.9999999999995
300|4033.0000000000005
301|4000.0
302|4090.0
303|4130.0
304|4167.0
305|4185.0
306|4188.0
307|4186.0
308|4183.0
309|4179.0
310|4176.0
311|4174.0
312|4174.0
313|4170.0
314|4174.0
315|4175.0
316|4177.0
317|4180.0
318|4184.0
319|4189.0
320|4196.0
321|4204.0
322|4213.0
323|4219.0
324|4224.0
325|4220.0
326|4230.0
327|4233.0
328|4236.0
329|4238.0
330|4241.0
331|4245.0
332|4250.0
333|4257.0
334|4265.0
335|4272.0
336|4278.0
337|4283.0
338|4288.0
339|4292.0
340|4295.0
341|4299.0
342|4302.0
343|4305.0
344|4308.0
345|4311.0
346|4313.0
347|4316.0
348|4319.0
349|4322.0
350|4325.0
351|4329.0
352|4332.0
353|4330.0
354|4341.0
355|4346.0
356|4351.0
357|4356.0
358|4360.0
359|4365.0
360|4360.0
361|4372.0
362|4375.0
363|4378.0
364|4381.0
365|4384.0
366|4388.0
367|4391.0
368|4395.0
369|4399.0
370|4403.0
371|4408.0
372|4412.0
373|4417.0
374|4421.0
375|4420.0
376|4430.0
377|4434.0
378|4438.0
379|4442.0
380|4447.0
381|4452.0
382|4457.0
383|4462.0
384|4467.0
385|4472.0
386|4477.0
387|4482.0
388|4486.0
389|4491.0
390|4494.0
391|4498.0
392|4501.0
393|4500.0
394|4500.0
395|4510.0
396|4513.0
397|4510.0
398|4520.0
399|4523.0
400|4527.0
401|4532.0
402|4537.0
403|4540.0
404|4548.0
405|4554.0
406|4559.0
407|4565.0
408|4570.0
409|4575.0
410|4580.0
411|4585.0
412|4590.0
413|4594.0
414|4598.0
415|4600.0
416|4606.0
417|4610.0
418|4614.0
419|4618.0
420|4622.0
421|4627.0
422|4630.0
423|4637.0
424|4643.0
425|4640.0
426|4654.0
427|4660.0
428|4666.0
429|4671.0
430|4675.0
431|4680.0
432|4684.0
433|4688.0
434|4690.0
435|4695.0
436|4699.0
437|4703.0
438|4706.0
439|4710.0
440|4710.0
441|4719.0
442|4724.0
443|4729.0
444|4734.0
445|4740.0
446|4747.0
447|4754.0
448|4761.0
449|4768.0
450|4775.0
451|4782.0
452|4788.0
453|4790.0
454|4799.0
455|4804.0
456|4808.0
457|4813.0
458|4817.0
459|4822.0
460|4826.0
461|4830.0
462|4835.0
463|4839.0
464|4843.0
465|4848.0
466|4852.0
467|4857.0
468|4862.0
469|4866.0
470|4871.0
471|4876.0
472|4882.0
473|4887.0
474|4890.0
475|4898.0
476|4904.0
477|4910.0
478|4916.0
479|4922.0
480|4928.0
481|4934.0
482|4940.0
483|4940.0
484|4953.0
485|4959.0
486|4965.0
487|4971.0
488|4970.0
489|4982.0
490|4988.0
491|4994.0
492|4999.0
493|5005.0
494|5011.0
495|5016.0
496|5022.0
497|5020.0
498|5033.0
499|5039.0
500|5045.0
501|5051.0
502|5057.0
503|5063.0
504|5069.0
505|5076.0
506|5082.0
507|5089.0
508|5095.0
509|5102.0
510|5109.0
511|5115.0
512|5122.0
513|5128.0
514|5135.0
515|5141.0
516|5140.0
517|5154.0
518|5160.0
519|5166.0
520|5172.0
521|5178.0
522|5184.0
523|5190.0
524|5196.0
525|5202.0
526|5208.0
527|5214.0
528|5220.0
529|5226.0
530|5231.0
531|5237.0
532|5242.0
533|5247.0
534|5252.0
535|5258.0
536|5263.0
537|5268.0
538|5270.0
539|5279.0
540|5285.0
541|5292.0
542|5299.0
543|5306.0
544|5310.0
545|5321.0
546|5329.0
547|5336.0
548|5340.0
549|5351.0
550|5358.0
551|5364.0
552|5371.0
553|5370.0
554|5384.0
555|5390.0
556|5396.0
557|5402.0
558|5408.0
559|5414.0
560|5420.0
561|5425.0
562|5431.0
563|5437.0
564|5443.0
565|5440.0
566|5450.0
567|5460.0
568|5467.0
569|5473.0
570|5479.0
571|5486.0
572|5492.0
573|5499.0
574|5506.0
575|5513.0
576|5520.0
577|5527.0
578|5534.0
579|5542.0
580|5550.0
581|5558.0
582|5566.0
583|5575.0
584|5583.0
585|5590.0
586|5599.0
587|5606.0
588|5613.0
589|5619.0
590|5625.0
591|5631.0
592|5637.0
593|5643.0
594|5649.0
595|5655.0
596|5661.0
597|5668.0
598|5675.0
599|5682.0
600|5689.0
601|5697.0
602|5704.0
603|5710.0
604|5719.0
605|5726.0
606|5734.0
607|5741.0
608|5740.0
609|5756.0
610|5763.0
611|5771.0
612|5779.0
613|5787.0
614|5795.0
615|5803.0
616|5810.0
617|5820.0
618|5828.0
619|5836.0
620|5844.0
621|5851.0
622|5858.0
623|5865.0
624|5872.0
625|5879.0
626|5886.0
627|5890.0
628|5901.0
629|5909.0
630|5918.0
631|5927.0
632|5936.0
633|5945.0
634|5955.0
635|5964.0
636|5972.0
637|5980.0
638|5988.0
639|5995.0
640|6000.0
641|6008.0
642|6015.0
643|6020.0
644|6020.0
645|6036.0
646|6044.0
647|6050.0
648|6061.0
649|6070.0
650|6078.0
651|6080.0
652|6094.0
653|6101.0
654|6108.0
655|6114.0
656|6121.0
657|6128.0
658|6135.0
659|6143.0
660|6152.0
661|6161.0
662|6171.0
663|6181.0
664|6191.0
665|6201.0
666|6210.0
667|6220.0
668|6228.0
669|6230.0
670|6244.0
671|6252.0
672|6259.0
673|6266.0
674|6273.0
675|6280.0
676|6287.0
677|6294.0
678|6302.0
679|6310.0
680|6318.0
681|6327.0
682|6336.0
683|6346.0
684|6355.0
685|6365.0
686|6374.0
687|6384.0
688|6393.0
689|6402.0
690|6411.0
691|6420.0
692|6429.0
693|6438.0
694|6446.0
695|6455.0
696|6463.0
697|6472.0
698|6481.0
699|6490.0
700|6499.0
701|6509.0
702|6518.0
703|6528.0
704|6538.0
705|6548.0
706|6558.0
707|6568.0
708|6578.0
709|6588.0
710|6598.0
711|6608.0
712|6618.0
713|6628.0
714|6638.0
715|6647.0
716|6657.0
717|6667.0
718|6670.0
719|6686.0
720|6695.0
721|6704.0
722|6713.0
723|6722.0
724|6730.0
725|6738.0
726|6746.0
727|6754.0
728|6762.0
729|6700.0
730|6778.0
731|6786.0
732|6790.0
733|6804.0
734|6810.0
735|6824.0
736|6835.0
737|6846.0
738|6857.0
739|6867.0
740|6878.0
741|6887.0
742|6896.0
743|6905.0
744|6913.0
745|6922.0
746|6931.0
747|6942.0
748|6950.0
749|6966.0
750|6979.0
751|6992.0
752|7004.0
753|7016.0
754|7027.0
755|7037.0
756|7047.0
757|7057.0
758|7067.0
759|7077.0
760|7086.0
761|7096.0
762|7105.0
763|7115.0
764|7125.0
765|7135.0
766|7145.0
767|7150.0
768|7168.0
769|7180.0
770|7192.0
771|7205.0
772|7217.0
773|7229.0
774|7241.0
775|7250.0
776|7264.0
777|7274.0
778|7285.0
779|7294.0
780|7304.0
781|7313.0
782|7320.0
783|7332.0
784|7342.0
785|7353.0
786|7364.0
787|7375.0
788|7387.0
789|7399.0
790|7410.0
791|7420.0
792|7434.0
793|7445.0
794|7456.0
795|7467.0
796|7478.0
797|7489.0
798|7500.0
799|7512.0
800|7523.0
801|7534.0
802|7546.0
803|7557.0
804|7568.0
805|7580.0
806|7591.0
807|7603.0
808|7614.0
809|7626.0
810|7630.0
811|7649.0
812|7661.0
813|7673.0
814|7680.0
815|7696.0
816|7708.0
817|7721.0
818|7733.0
819|7745.0
820|7758.0
821|7771.0
822|7785.0
823|7798.0
824|7812.0
825|7826.0
826|7839.0
827|7850.0
828|7860.0
829|7878.0
830|7891.0
831|7903.0
832|7916.0
833|7928.0
834|7940.0
835|7953.0
836|7965.0
837|7978.0
838|7990.0
839|8003.0
840|8016.0
841|8020.0
842|8042.0
843|8055.0
844|8069.000000000001
845|8084.0
846|8099.0
847|8114.000000000001
848|8130.000000000001
849|8145.0
850|8160.0
851|8173.999999999999
852|8188.000000000001
853|8202.0
854|8215.0
855|8228.0
856|8241.0
857|8253.0
858|8266.0
859|8279.0
860|8291.0
861|8304.0
862|8316.0
863|8329.0
864|8342.0
865|8350.0
866|8367.0
867|8380.0
868|8394.0
869|8407.0
870|8420.0
871|8434.0
872|8448.0
873|8462.0
874|8476.0
875|8491.0
876|8506.0
877|8521.0
878|8536.0
879|8551.0
880|8560.0
881|8582.0
882|8598.0
883|8613.0
884|8629.0
885|8640.0
886|8660.0
887|8675.0
888|8690.0
889|8705.0
890|8720.0
891|8735.0
892|8749.0
893|8763.0
894|8777.0
895|8791.0
896|8804.0
897|8818.0
898|8831.0
899|8845.0
900|8858.0
901|8872.0
902|8885.0
903|8899.0
904|8910.0
905|8926.0
906|8940.0
907|8955.0
908|8970.0
909|8985.0
910|9001.0
911|9010.0
912|9034.0
913|9051.0
914|9060.0
915|9084.0
916|9100.0
917|9116.0
918|9131.0
919|9146.0
920|9161.0
921|9176.0
922|9191.0
923|9206.0
924|9221.0
925|9236.0
926|9252.0
927|9260.0
928|9284.0
929|9301.0
930|9310.0
931|9337.0
932|9356.0
933|9375.0
934|9394.0
935|9413.0
936|9431.0
937|9448.0
938|9465.0
939|9480.0
940|9495.0
941|9510.0
942|9525.0
943|9540.0
944|9556.0
945|9571.0
946|9580.0
947|9600.0
948|9620.0
949|9642.0
950|9664.0
951|9688.0
952|9715.0
953|9740.0
954|9774.0
955|9800.0
956|9820.0
957|9834.0
958|9841.0
959|9845.0
960|9845.0
961|9843.0
962|9800.0
963|9835.0
964|9830.0
965|9824.0
