time(s)|velocity(m/s)
0|0.0
1|1.6
2.95|17.8
4.91|37
6.86|54
8.81|71.2
10.76|88.9
12.72|104.7
14.67|118.7
16.62|141.4
18.58|155.6
20.53|170.6
22.48|188.1
24.43|207.2
26.39|220.4
28.34|230.3
30.29|248.7
32.25|262
34.2|275.1
36.15|288.2
38.1|302.9
40.06|320.4
42.01|334.8
43.96|348.2
45.92|368.3
47.87|389.5
49.82|407.1
51.77|429.2
53.73|451.8
55.68|469
57.63|494.7
59.59|518.5
61.54|540.1
63.49|562
65.45|586.2
67.4|618
69.35|663.2
71.3|690.6
73.26|729.4
75.21|774.2
77.16|818.6
79.12|862.7
81.07|906.5
83.02|966.5
84.97|1011.4
86.93|1052
88.88|1096.9
90.83|1169
92.79|1230.5
94.74|1293.5
96.69|1341.2
98.64|1407.9
100.6|1481.1
102.55|1527.7
104.5|1570.1
106.46|1597
108.41|1621.7
110.36|1651.3
112.31|1687.5
114.27|1711.1
116.22|1742.9
118.17|1771.1
120.13|1813.7
122.08|1850.1
124.03|1881.1
125.98|1915
127.94|1949.3
129.89|1998.9
131.84|2032.5
133.8|2077.9
135.75|2129.6
137.7|2166.6
139.65|2194.6
141.61|2237.9
143.56|2299.3
145.51|2352.1
147.47|2403.5
149.42|2431.4
151.37|2448.2
153.32|2457.5
155.28|2460.7
157.23|2472.5
159.18|2487.9
161.14|2502.2
163.09|2525.7
165.04|2558.3
166.99|2588.4
168.95|2609
170.9|2628.9
172.85|2656.2
174.81|2677.5
176.76|2699.7
178.71|2722
180.66|2743.8
182.62|2766.6
184.57|2788.5
186.52|2806.1
188.48|2831.6
190.43|2866.7
192.38|2902.1
194.34|2935.7
196.29|2963.4
198.24|2990.1
200.19|3016.1
202.15|3047.1
204.1|3080.6
206.05|3114.6
208.01|3142.1
209.96|3184.4
211.91|3218.1
213.86|3258
215.82|3289.6
217.77|3316.4
219.72|3349.1
221.68|3387.3
223.63|3427.3
225.58|3457.6
227.53|3509.4
229.49|3541.7
231.44|3578
233.39|3610.3
235.35|3648.5
237.3|3705.8
239.25|3749.1
241.2|3793.3
243.16|3838.9
245.11|3873
247.06|3915.7
249.02|3969.9
250.97|4015.9
252.92|4075.9
254.87|4127.8
256.83|4170.2
258.78|4212.4
260.73|4252.2
262.69|4297.2
264.64|4364
266.59|4427.1
268.54|4465.6
270.5|4532.4
272.45|4598.1
274.4|4733.5
276.36|4777.2
278.31|4871.6
280.26|4914.8
282.21|4937.9
284.17|4949.2
286.12|4951.9
288.07|4959.8
290.03|4971.2
291.98|4980.2
293.93|4989.7
295.88|4996.2
297.84|4999.4
299.79|5003.5
301.74|5004.8
303.7|5004.8
305.65|5008.2
307.6|5015.8
309.56|5025.8
311.51|5032.5
313.46|5037.3
315.41|5046.4
317.37|5051.1
319.32|5055.1
321.27|5060.1
323.23|5063.2
325.18|5067.5
327.13|5078.3
329.08|5087.1
331.04|5091.7
332.99|5093.5
334.94|5097.1
336.9|5107.4
338.85|5115.3
340.8|5119.5
342.75|5128.3
344.71|5134.2
346.66|5137.9
348.61|5143
350.57|5146.3
352.52|5146.1
354.47|5150.4
356.42|5154.6
358.38|5161.5
360.33|5171.4
362.28|5179
364.24|5183.1
366.19|5187.8
368.14|5187.9
370.09|5192.8
372.05|5191.6
374|5200.9
375.95|5215.5
377.91|5219.1
379.86|5222.2
381.81|5225
383.76|5224.6
385.72|5229.3
387.67|5234.1
389.62|5238.1
391.58|5243.5
393.53|5245.4
395.48|5246.8
397.43|5256
399.39|5255.7
401.34|5260.8
403.29|5267.1
405.25|5266.4
407.2|5275.2
409.15|5277.1
411.1|5280.8
413.06|5291.3
415.01|5299.4
416.96|5304.1
418.92|5308.9
420.87|5317.9
422.82|5323.7
424.77|5323.9
426.73|5327.1
428.68|5328.8
430.63|5336.8
432.59|5340
434.54|5344.2
436.49|5353.5
438.45|5357
440.4|5361.4
442.35|5365.8
444.3|5376.7
446.26|5381.4
448.21|5384.8
450.16|5392.9
452.12|5399.6
454.07|5405
456.02|5413.6
457.97|5413.2
459.93|5417.3
461.88|5420.1
463.83|5432.5
465.79|5447.8
467.74|5450.4
469.69|5455
471.64|5459.6
473.6|5463.6
475.55|5469.7
477.5|5482.1
479.46|5493.3
481.41|5496.3
483.36|5505.6
485.31|5515.2
487.27|5524.4
489.22|5530.8
491.17|5536.1
493.13|5545
495.08|5549.1
497.03|5557.9
498.98|5563.5
500.94|5570
502.89|5584.6
504.84|5594
506.8|5598.5
508.75|5607.6
510.7|5611.5
512.65|5623.3
514.61|5635.3
516.56|5640.8
518.51|5646.3
520.47|5655.3
522.42|5659.6
524.37|5663.6
526.32|5670.3
528.28|5683.4
530.23|5692.7
532.18|5691.5
534.14|5696.3
536.09|5705.7
538.04|5709.7
539.99|5722.3
541.95|5731.8
543.9|5736.2
545.85|5747.2
547.81|5760.6
549.76|5769.8
551.71|5769.7
553.67|5775.9
555.62|5783.8
557.57|5786.7
559.52|5796.1
561.48|5808.4
563.43|5814.8
565.38|5828.5
567.34|5837.3
569.29|5846.1
571.24|5854.3
573.19|5866.2
575.15|5877.6
577.1|5880.7
579.05|5885.1
581.01|5895.4
582.96|5907.5
584.91|5917.9
586.86|5925.4
588.82|5932.1
590.77|5940.5
592.72|5954.8
594.68|5973.1
596.63|5979.8
598.58|5982.1
600.53|5990
602.49|6002
604.44|6015.5
606.39|6022.1
608.35|6025
610.3|6040.1
612.25|6055.4
614.2|6059.4
616.16|6066.9
618.11|6086.4
620.06|6097.8
622.02|6102.8
623.97|6110.6
625.92|6121.1
627.87|6133.2
629.83|6143.5
631.78|6150.2
633.73|6162.6
635.69|6171.5
637.64|6174.7
639.59|6191.9
641.54|6210.2
643.5|6214.8
645.45|6220.9
647.4|6236.7
649.36|6248.8
651.31|6252.9
653.26|6258.9
655.21|6269.9
657.17|6282.6
659.12|6291
661.07|6299.9
663.03|6307.8
664.98|6323.6
666.93|6340.2
668.88|6351.9
670.84|6362.9
672.79|6373.6
674.74|6386.1
676.7|6398.8
678.65|6413.5
680.6|6436.1
682.56|6450.2
684.51|6463.2
686.46|6475.3
688.41|6486.2
690.37|6499.7
692.32|6514
694.27|6519.2
696.23|6528.2
698.18|6542.1
700.13|6556.6
702.08|6574.2
704.04|6578.9
705.99|6581.8
707.94|6592.1
709.9|6607
711.85|6621.7
713.8|6635.4
715.75|6643.5
717.71|6650.7
719.66|6660.6
721.61|6674.6
723.57|6692.8
725.52|6702.8
727.47|6711.4
729.42|6719.1
731.38|6732.5
733.33|6751.6
735.28|6759.3
737.24|6773.2
739.19|6795.3
741.14|6813.4
743.09|6825.2
745.05|6836.5
747|6850.4
748.95|6863.5
750.91|6876.6
752.86|6893.4
754.81|6912.4
756.76|6927
758.72|6937
760.67|6945.7
762.62|6958.2
764.58|6972.8
766.53|6982.4
768.48|6995.2
770.43|7015.7
772.39|7028.3
774.34|7041.5
776.29|7047.9
778.25|7064.1
780.2|7081.5
782.15|7097.3
784.1|7120.4
786.06|7138.7
788.01|7152.2
789.96|7168
791.92|7186.2
793.87|7203.9
795.82|7221.5
797.78|7236.6
799.73|7248.5
801.68|7253
803.63|7261
805.59|7279.5
807.54|7292.4
809.49|7310.2
811.45|7323.5
813.4|7342.6
815.35|7360.9
817.3|7369.5
819.26|7387.9
821.21|7401.2
823.16|7417.8
825.12|7434.4
827.07|7444.3
829.02|7454.7
830.97|7473.1
832.93|7490.8
834.88|7508.9
836.83|7523.8
838.79|7536.4
840.74|7550.5
842.69|7567.9
844.64|7585.4
846.6|7603.1
848.55|7625.2
850.5|7638.5
852.46|7654.4
854.41|7676.3
856.36|7694.9
858.31|7714.7
860.27|7734.8
862.22|7748.9
864.17|7761.6
866.13|7776
868.08|7794
870.03|7811.3
871.98|7833.9
873.94|7849.7
875.89|7864.7
877.84|7881.4
879.8|7895.1
881.75|7916.9
883.7|7929.7
885.65|7942.1
887.61|7962
889.56|7986.8
891.51|8003.7
893.47|8013.9
895.42|8030.6
897.37|8053.2
899.32|8070.3
901.28|8096.2
903.23|8113.7
905.18|8127.2
907.14|8147.6
909.09|8169.6
911.04|8187.1
912.99|8199.7
914.95|8220.1
916.9|8240.5
918.85|8253.5
920.81|8268.8
922.76|8286.9
924.71|8302.8
926.67|8321.3
928.62|8344.2
930.57|8366.2
932.52|8383.8
934.48|8405
936.43|8427.4
938.38|8449.3
940.34|8472
942.29|8492.9
944.24|8510.2
946.19|8528.2
948.15|8549.9
950.1|8569.8
952.05|8588.4
954.01|8610.7
955.96|8628.2
957.91|8645.9
959.86|8663
961.82|8683.8
963.77|8704.5
965.72|8722.4
967.68|8744.9
969.63|8767.1
971.58|8789.2
973.53|8811.4
975.49|8833.5
977.44|8855.7
979.39|8877.8
981.35|8899.9
983.3|8922.4
985.25|8942.3
987.2|8956.4
989.16|8971.8
991.11|8995.3
993.06|9017.4
995.02|9033.5
996.97|9072.1
998.92|9087.6
1000.87|9111.5
1002.83|9139.6
1004.78|9166.4
1006.73|9187.8
1008.69|9205.3
1010.64|9226.9
1012.59|9249
1014.54|9272.2
1016.5|9289.3
1018.45|9302.6
1020.4|9321.8
1022.36|9344.1
1024.31|9366.4
1026.26|9393.8
1028.21|9417
1030.17|9451.3
1032.12|9481.4
1034.07|9525.1
1036.03|9560.1
1037.98|9583.5
1039.93|9600.5
1041.89|9625.5
1043.84|9661.3
1045.79|9710.8
1047.74|9742.6
1049.7|9755
1051.65|9755
1053.6|9755.2
1055.56|9754.6
1057.51|9755.7
1059.46|9760.2
1061.41|9756.1
1063.37|9751.6
1065.32|9745.4
1067.27|9747.5
1069.23|9755.3
1071.09|9749.5
