time|velocity
0|0.0
2|41.9
4|49.4
6|61.6
7|81.3
9|104.7
10|108.6
11|122.6
13|139.4
15|159.3
17|177.9
18|198.5
20|227.6
22|252.2
23|264.9
24|279.0
25|299.7
26|305.4
28|329.2
29|365.7
30|372.1
31|393.9
33|434.9
35|462.4
37|496.7
39|522.4
41|553.2
42|594.8
43|598.6
44|637.9
46|671.6
48|694.2
49|720.2
50|728.5
51|751.5
52|759.1
53|789.7
54|801.3
55|843.8
56|859.2
57|871.1
59|902.3
61|931.1
62|956.5
63|988.6
65|1020.3
66|1050.5
67|1053.8
68|1093.5
69|1123.3
70|1143.3
71|1154.6
72|1176.2
73|1189.4
74|1226.5
75|1255.4
76|1277.3
77|1317.9
78|1328.3
79|1364.4
80|1384.0
81|1403.0
82|1425.7
83|1447.8
84|1463.9
85|1489.2
87|1527.2
88|1557.7
89|1578.8
90|1642.7
91|1672.4
92|1724.6
93|1741.9
94|1774.0
95|1801.0
96|1835.2
97|1877.5
98|1898.9
100|1944.8
101|1992.8
102|2002.6
103|2033.3
105|2048.3
106|2051.2
107|2053.2
109|2055.0
111|2059.0
112|2061.6
113|2064.8
114|2071.3
115|2072.1
116|2077.7
118|2086.6
120|2101.5
121|2106.8
122|2113.7
123|2124.2
124|2128.2
125|2151.3
126|2155.5
127|2166.5
129|2185.7
131|2209.8
133|2220.8
134|2228.5
135|2233.6
136|2256.3
137|2258.5
138|2278.3
139|2284.1
140|2295.8
142|2318.2
144|2345.7
146|2366.5
147|2374.4
148|2390.0
149|2422.1
151|2451.4
153|2472.8
154|2478.7
155|2497.7
156|2513.4
157|2519.3
159|2535.7
160|2544.7
161|2555.3
162|2581.1
164|2603.6
165|2610.7
166|2623.0
168|2643.3
170|2667.6
172|2697.9
173|2728.9
175|2752.8
177|2771.0
178|2777.5
179|2813.7
181|2843.2
183|2878.1
184|2906.1
185|2907.7
186|2926.8
187|2930.5
188|2959.2
190|2978.3
192|3030.9
194|3069.1
195|3100.7
196|3108.3
197|3154.9
198|3156.3
199|3181.9
201|3215.3
203|3246.2
204|3278.0
205|3304.5
207|3329.5
208|3371.8
209|3375.1
210|3438.5
211|3458.7
212|3486.5
213|3503.9
214|3534.2
216|3555.7
218|3573.1
219|3587.3
220|3601.2
221|3651.7
222|3653.3
223|3685.3
224|3715.9
225|3759.1
226|3771.5
227|3825.8
228|3861.8
229|3875.2
231|3925.2
232|3973.0
233|4010.0
234|4054.1
235|4080.8
236|4101.6
237|4108.6
238|4132.9
239|4160.7
240|4209.4
241|4240.6
242|4288.8
243|4299.7
244|4308.2
245|4344.7
246|4350.4
247|4419.7
248|4428.3
249|4463.2
250|4518.6
251|4574.7
252|4591.6
253|4607.1
255|4644.5
256|4671.6
257|4694.8
258|4738.9
259|4768.9
260|4787.8
261|4793.2
262|4826.2
263|4869.6
264|4901.8
265|4963.5
266|4995.5
267|5012.1
268|5020.7
269|5022.6
270|5022.5
271|5024.2
273|5033.4
275|5051.5
277|5068.9
278|5078.2
279|5086.2
280|5102.9
282|5117.1
284|5134.5
286|5159.8
288|5180.2
290|5198.7
292|5221.4
293|5245.5
295|5266.8
296|5272.8
297|5285.8
299|5305.5
301|5329.5
303|5356.2
304|5391.6
305|5401.4
306|5432.7
308|5457.2
309|5463.9
310|5497.0
312|5523.6
314|5563.2
315|5606.4
316|5619.3
317|5658.3
318|5662.0
319|5685.7
321|5725.1
322|5745.4
323|5762.3
325|5788.2
326|5821.9
327|5832.6
328|5866.7
329|5877.5
330|5905.0
331|5936.5
332|5953.8
333|5964.3
334|6015.9
336|6067.7
337|6089.5
338|6124.8
339|6145.1
340|6163.7
341|6216.6
342|6242.4
343|6274.3
344|6298.0
345|6325.3
346|6360.5
347|6380.4
348|6419.6
349|6432.6
350|6485.6
351|6504.4
352|6534.6
353|6541.2
354|6580.4
355|6603.8
356|6624.3
357|6631.6
358|6657.4
359|6690.7
360|6736.0
362|6776.5
363|6819.3
364|6841.6
365|6896.3
366|6906.1
367|6952.7
368|6989.5
369|7009.1
370|7041.7
371|7086.1
372|7097.3
373|7130.9
374|7156.4
375|7202.2
376|7256.5
377|7281.5
378|7295.9
379|7312.7
380|7335.9
382|7352.5
383|7361.4
384|7382.1
386|7402.5
387|7406.6
388|7407.9
389|7411.9
390|7413.5
391|7414.5
393|7414.4
394|7413.5
395|7411.1
397|7407.5
398|7406.6
399|7407.0
400|7410.8
402|7414.6
404|7416.1
406|7417.2
408|7418.6
410|7420.1
412|7421.0
413|7420.9
414|7420.5
415|7419.2
417|7417.2
419|7416.7
421|7417.0
423|7416.7
424|7417.2
426|7419.0
428|7420.6
430|7420.7
432|7420.2
434|7420.4
436|7421.4
437|7419.2
439|7414.0
440|7413.5
441|7414.6
443|7418.3
444|7420.5
445|7421.3
447|7420.7
448|7420.2
450|7420.5
452|7420.4
453|7420.5
454|7420.6
456|7420.6
458|7418.6
459|7416.6
461|7416.3
462|7417.0
463|7417.9
465|7420.1
466|7420.5
467|7419.9
469|7417.1
471|7414.5
472|7412.3
474|7410.6
475|7410.0
476|7409.9
478|7410.1
479|7410.0
480|7409.3
482|7406.9
483|7404.0
485|7401.1
486|7399.6
487|7398.6
489|7396.6
491|7395.9
493|7398.7
494|7399.6
495|7397.8
496|7390.6
497|7389.2
498|7388.2
500|7389.2
502|7386.8
503|7385.7
504|7383.3
506|7380.1
507|7378.2
509|7378.7
510|7378.8
511|7378.9
513|7378.8
515|7378.8
516|7378.8
517|7378.7
519|7378.3
520|7378.7
521|7378.8
522|7380.7
524|7382.2
526|7380.0
527|7378.8
528|7378.5
530|7378.8
531|7378.2
533|7378.1
534|7378.8
535|7381.3
537|7382.3
539|7373.6
541|7368.3
543|7376.6
544|7385.5
545|7385.7
546|7384.4
548|7379.4
550|7375.1
552|7375.5
554|7378.5
555|7377.3
557|7375.3
559|7378.4
561|7382.2
563|7381.7
565|7378.9
567|7376.8
568|7375.5
570|7375.7
572|7378.9
574|7379.0
576|7378.8
578|7379.1
579|7378.5
581|7376.6
583|7375.2
585|7375.6
586|7375.3
587|7374.2
589|7372.2
590|7371.8
591|7372.6
592|7375.2
593|7375.3
594|7374.0
596|7372.0
598|7371.9
600|7371.8
602|7368.7
603|7369.6
605|7372.6
606|7371.8
607|7367.6
609|7357.6
610|7354.4
611|7353.2
613|7355.5
614|7358.7
616|7359.9
618|7357.6
620|7350.4
621|7347.5
622|7347.2
624|7347.3
626|7347.9
627|7347.5
629|7343.5
631|7337.9
632|7337.1
633|7335.9
635|7336.0
637|7336.8
638|7337.5
640|7337.3
641|7337.1
642|7336.6
644|7336.6
645|7337.1
646|7338.8
648|7340.7
650|7337.7
651|7333.9
652|7333.6
653|7335.1
655|7340.3
657|7342.8
658|7340.5
659|7338.1
661|7330.6
662|7333.4
664|7340.1
665|7340.5
666|7340.3
668|7337.4
670|7337.7
672|7340.5
674|7342.3
675|7343.7
676|7344.0
677|7345.6
679|7347.7
681|7349.1
683|7351.3
685|7355.4
686|7362.0
688|7370.2
690|7375.4
692|7375.3
694|7375.3
696|7384.1
698|7394.6
699|7400.4
701|7405.1
702|7406.6
703|7411.4
705|7417.6
707|7422.0
708|7423.9
709|7425.9
710|7429.8
711|7430.9
712|7432.4
714|7434.0
716|7436.6
718|7441.3
720|7448.7
721|7455.2
722|7456.4
723|7462.6
725|7466.9
727|7470.9
728|7472.6
729|7478.3
731|7485.8
733|7490.1
734|7492.7
735|7493.4
736|7495.2
738|7500.6
740|7509.9
741|7514.3
742|7516.1
744|7519.1
745|7521.3
746|7523.0
747|7529.2
748|7531.7
749|7533.6
751|7537.0
752|7538.6
753|7545.2
754|7552.5
755|7554.5
757|7559.7
758|7566.4
760|7574.5
761|7576.9
762|7579.4
764|7582.3
765|7583.8
766|7587.1
768|7594.0
770|7598.3
771|7601.7
773|7606.2
774|7611.6
775|7615.1
777|7627.8
779|7634.5
781|7638.8
782|7643.3
784|7648.7
785|7649.8
786|7654.8
788|7660.2
790|7663.7
791|7667.2
792|7668.0
794|7674.6
795|7682.0
797|7688.6
798|7691.5
799|7692.2
801|7693.5
802|7695.0
803|7695.9
805|7701.5
806|7708.4
808|7714.1
809|7715.9
810|7717.9
812|7721.0
813|7722.8
814|7726.3
815|7733.2
816|7734.3
817|7740.8
818|7743.7
819|7746.7
821|7753.3
823|7760.8
824|7764.5
825|7765.4
827|7767.9
828|7771.5
829|7773.7
830|7789.0
832|7795.8
834|7800.0
836|7805.9
838|7814.2
839|7820.1
840|7823.2
841|7831.8
842|7834.0
843|7838.6
845|7843.9
847|7848.6
849|7855.3
851|7865.5
852|7868.8
853|7869.3
854|7868.5
856|7869.3
858|7875.0
860|7884.2
862|7894.1
864|7902.7
865|7909.9
866|7910.5
867|7915.9
869|7923.1
871|7935.7
872|7941.8
873|7944.2
875|7947.2
877|7952.4
878|7960.7
879|7962.6
880|7969.3
881|7973.0
882|7974.5
884|7978.1
885|7980.0
886|7982.8
888|7989.7
889|7996.2
890|7997.4
891|7997.0
893|7996.4
894|7997.4
895|8002.3
897|8011.4
899|8014.6
900|8018.2
901|8019.9
902|8031.6
904|8042.3
906|8048.0
907|8049.5
908|8055.3
910|8062.9
912|8067.9
913|8073.0
914|8073.8
915|8082.8
917|8093.5
919|8100.8
920|8105.1
921|8106.2
923|8111.3
924|8115.5
925|8119.4
926|8129.2
928|8133.1
930|8137.2
932|8146.0
933|8150.3
934|8153.7
936|8159.0
937|8165.2
939|8173.3
940|8174.6
941|8182.7
943|8192.2
945|8201.0
947|8209.3
949|8217.2
950|8224.4
952|8230.8
953|8233.7
954|8237.1
956|8244.0
957|8247.6
958|8251.5
960|8259.2
961|8265.6
963|8270.5
964|8271.9
965|8274.1
967|8279.0
968|8282.3
969|8289.9
971|8301.8
972|8303.8
974|8302.6
975|8303.2
976|8308.3
978|8318.2
979|8320.6
980|8323.9
982|8326.4
984|8331.4
985|8339.6
986|8344.9
987|8349.3
989|8359.0
991|8367.2
993|8373.6
994|8379.6
995|8381.4
996|8393.0
997|8397.0
998|8400.2
1000|8404.3
1001|8407.4
1002|8409.3
1004|8417.4
1005|8424.8
1006|8427.8
1008|8438.1
1009|8445.9
1011|8449.7
1013|8452.0
1015|8455.9
1017|8461.0
1018|8463.0
1019|8465.5
1020|8470.2
1021|8473.5
1022|8478.9
1024|8491.0
1025|8494.3
1026|8501.2
1028|8509.3
1030|8516.7
1032|8524.4
1033|8532.4
1035|8539.6
1037|8545.7
1039|8553.2
1041|8564.9
1042|8574.3
1043|8575.6
1044|8582.3
1046|8587.7
1048|8593.9
1050|8601.2
1052|8608.6
1054|8615.1
1056|8620.1
1057|8625.2
1058|8626.4
1059|8632.7
1061|8641.8
1063|8650.8
1065|8659.1
1067|8667.1
1068|8674.9
1069|8678.5
1070|8682.4
1072|8690.0
1073|8695.9
1074|8698.4
1076|8708.0
1077|8713.3
1078|8717.3
1080|8725.7
1081|8734.4
1083|8742.6
1085|8750.5
1087|8760.3
1089|8772.7
1090|8779.3
1091|8781.4
1092|8784.7
1093|8786.2
1094|8788.8
1096|8795.8
1098|8802.2
1099|8807.1
1100|8809.0
1102|8817.2
1103|8824.5
1104|8826.7
1105|8837.5
1106|8841.8
1107|8847.8
1109|8857.1
1111|8865.8
1112|8873.1
1113|8874.3
1115|8882.6
1116|8888.3
1118|8893.7
1119|8897.4
1120|8909.6
1122|8927.0
1124|8934.5
1126|8938.1
1128|8947.6
1129|8959.9
1131|8968.1
1133|8975.3
1134|8977.4
1135|8985.0
1137|8995.7
1139|9003.1
1140|9007.5
1141|9008.7
1142|9011.5
1144|9016.8
1145|9019.1
1146|9024.4
1148|9032.1
1150|9036.1
1152|9043.4
1153|9063.8
1155|9078.7
1157|9084.8
1159|9089.3
1161|9097.3
1162|9102.5
1163|9107.8
1164|9118.0
1165|9123.3
1166|9128.2
1168|9137.2
1169|9140.7
1170|9142.6
1172|9145.4
1173|9147.7
1174|9150.1
1175|9158.1
1176|9161.6
1177|9165.7
1179|9171.7
1181|9178.3
1183|9187.2
1185|9198.9
1186|9206.7
1187|9209.4
1188|9217.4
1189|9220.6
1190|9228.5
1192|9241.0
1193|9245.0
1194|9250.4
1196|9254.9
1198|9256.8
1199|9258.2
1200|9258.9
1201|9259.9
1203|9261.7
1205|9262.3
1207|9259.5
1208|9255.4
1209|9253.4
1211|9247.5
1212|9244.9
1214|9246.0
1216|9248.1
1217|9248.4
1218|9247.7
1220|9242.8
